81
10000000
I
15390000
20260000
13450000
14130000
5480000
47210000
P
10070000
6920000
3150000
3830000
5480000
47210000
P
10070000
6920000
3150000
3830000
5480000
47210000
P
10070000
6920000
3150000
3830000
5480000
47210000
P
10070000
6920000
3150000
3830000
5480000
47210000
P
10070000
6920000
3150000
3830000
5480000
47210000
P
10070000
6920000
3150000
3830000
5480000
47210000
P
10070000
6920000
3150000
3830000
5480000
47210000
P
10070000
6920000
3150000
3830000
5480000
47210000
P
10070000
6920000
3150000
3830000
5480000
47210000
P
10070000
6920000
3150000
3830000
5480000
47210000
P
10070000
6920000
3150000
3830000
5480000
47210000
P
10070000
6920000
3150000
3830000
5480000
47210000
P
10070000
6920000
3150000
3830000
5480000
47210000
P
10070000
6920000
3150000
3830000
5480000
47210000
P
10070000
6920000
3150000
3830000
5480000
47210000
P
10070000
6920000
3150000
3830000
5480000
47210000
P
10070000
6920000
3150000
3830000
5480000
47210000
P
10070000
6920000
3150000
3830000
5480000
47210000
P
10070000
6920000
3150000
3830000
5480000
47210000
P
10070000
6920000
3150000
3830000
5480000
47210000
P
10070000
6920000
3150000
3830000
5480000
47210000
P
10070000
6920000
3150000
3830000
5480000
47210000
P
10070000
6920000
3150000
3830000
5480000
47210000
I
15390000
20260000
13450000
14130000
5480000
47210000
P
10070000
6920000
3150000
3830000
5480000
47210000
I
15390000
20260000
13450000
14130000
5480000
47210000
P
10070000
6920000
3150000
3830000
5480000
47210000
P
10070000
6920000
3150000
3830000
5480000
47210000
P
10070000
6920000
3150000
3830000
5480000
47210000
P
10070000
6920000
3150000
3830000
5480000
47210000
P
10070000
6920000
3150000
3830000
5480000
47210000
P
10070000
6920000
3150000
3830000
5480000
47210000
P
10070000
6920000
3150000
3830000
5480000
47210000
P
10070000
6920000
3150000
3830000
5480000
47210000
P
10070000
6920000
3150000
3830000
5480000
47210000
P
10070000
6920000
3150000
3830000
5480000
47210000
P
10070000
6920000
3150000
3830000
5480000
47210000
P
10070000
6920000
3150000
3830000
5480000
47210000
P
10070000
6920000
3150000
3830000
5480000
47210000
P
10070000
6920000
3150000
3830000
5480000
47210000
P
10070000
6920000
3150000
3830000
5480000
47210000
P
10070000
6920000
3150000
3830000
5480000
47210000
P
10070000
6920000
3150000
3830000
5480000
47210000
P
10070000
6920000
3150000
3830000
5480000
47210000
P
10070000
6920000
3150000
3830000
5480000
47210000
P
10070000
6920000
3150000
3830000
5480000
47210000
P
10070000
6920000
3150000
3830000
5480000
47210000
P
10070000
6920000
3150000
3830000
5480000
47210000
P
10070000
6920000
3150000
3830000
5480000
47210000
I
15390000
20260000
13450000
14130000
5480000
47210000
P
10070000
6920000
3150000
3830000
5480000
47210000
P
10070000
6920000
3150000
3830000
5480000
47210000
P
10070000
6920000
3150000
3830000
5480000
47210000
I
15390000
20260000
13450000
14130000
5480000
47210000
P
10070000
6920000
3150000
3830000
5480000
47210000
P
10070000
6920000
3150000
3830000
5480000
47210000
P
10070000
6920000
3150000
3830000
5480000
47210000
P
10070000
6920000
3150000
3830000
5480000
47210000
P
10070000
6920000
3150000
3830000
5480000
47210000
P
10070000
6920000
3150000
3830000
5480000
47210000
P
10070000
6920000
3150000
3830000
5480000
47210000
P
10070000
6920000
3150000
3830000
5480000
47210000
P
10070000
6920000
3150000
3830000
5480000
47210000
P
10070000
6920000
3150000
3830000
5480000
47210000
P
10070000
6920000
3150000
3830000
5480000
47210000
P
10070000
6920000
3150000
3830000
5480000
47210000
P
10070000
6920000
3150000
3830000
5480000
47210000
P
10070000
6920000
3150000
3830000
5480000
47210000
P
10070000
6920000
3150000
3830000
5480000
47210000
P
10070000
6920000
3150000
3830000
5480000
47210000
P
10070000
6920000
3150000
3830000
5480000
47210000
P
10070000
6920000
3150000
3830000
5480000
47210000
P
10070000
6920000
3150000
3830000
5480000
47210000
P
10070000
6920000
3150000
3830000
5480000
47210000
P
10070000
6920000
3150000
3830000
5480000
47210000
P
10070000
6920000
3150000
3830000
5480000
47210000
P
10070000
6920000
3150000
3830000
5480000
47210000
I
15390000
20260000
13450000
14130000
5480000
47210000
P
10070000
6920000
3150000
3830000
5480000
47210000
P
10070000
6920000
3150000
3830000
5480000
47210000
