48
41666665
I
9880000
15450000
12890000
13140000
5480000
47210000
P
6040000
2760000
2750000
2840000
5480000
47210000
P
6040000
2760000
2750000
2840000
5480000
47210000
P
6040000
2760000
2750000
2840000
5480000
47210000
P
6040000
2760000
2750000
2840000
5480000
47210000
P
6040000
2760000
2750000
2840000
5480000
47210000
P
6040000
2760000
2750000
2840000
5480000
47210000
P
6040000
2760000
2750000
2840000
5480000
47210000
P
6040000
2760000
2750000
2840000
5480000
47210000
P
6040000
2760000
2750000
2840000
5480000
47210000
P
6040000
2760000
2750000
2840000
5480000
47210000
P
6040000
2760000
2750000
2840000
5480000
47210000
P
6040000
2760000
2750000
2840000
5480000
47210000
P
6040000
2760000
2750000
2840000
5480000
47210000
P
6040000
2760000
2750000
2840000
5480000
47210000
P
6040000
2760000
2750000
2840000
5480000
47210000
P
6040000
2760000
2750000
2840000
5480000
47210000
P
6040000
2760000
2750000
2840000
5480000
47210000
P
6040000
2760000
2750000
2840000
5480000
47210000
P
6040000
2760000
2750000
2840000
5480000
47210000
P
6040000
2760000
2750000
2840000
5480000
47210000
P
6040000
2760000
2750000
2840000
5480000
47210000
P
6040000
2760000
2750000
2840000
5480000
47210000
P
6040000
2760000
2750000
2840000
5480000
47210000
I
9880000
15450000
12890000
13140000
5480000
47210000
P
6040000
2760000
2750000
2840000
5480000
47210000
P
6040000
2760000
2750000
2840000
5480000
47210000
P
6040000
2760000
2750000
2840000
5480000
47210000
P
6040000
2760000
2750000
2840000
5480000
47210000
P
6040000
2760000
2750000
2840000
5480000
47210000
P
6040000
2760000
2750000
2840000
5480000
47210000
P
6040000
2760000
2750000
2840000
5480000
47210000
P
6040000
2760000
2750000
2840000
5480000
47210000
P
6040000
2760000
2750000
2840000
5480000
47210000
P
6040000
2760000
2750000
2840000
5480000
47210000
P
6040000
2760000
2750000
2840000
5480000
47210000
P
6040000
2760000
2750000
2840000
5480000
47210000
P
6040000
2760000
2750000
2840000
5480000
47210000
P
6040000
2760000
2750000
2840000
5480000
47210000
P
6040000
2760000
2750000
2840000
5480000
47210000
P
6040000
2760000
2750000
2840000
5480000
47210000
P
6040000
2760000
2750000
2840000
5480000
47210000
P
6040000
2760000
2750000
2840000
5480000
47210000
P
6040000
2760000
2750000
2840000
5480000
47210000
P
6040000
2760000
2750000
2840000
5480000
47210000
P
6040000
2760000
2750000
2840000
5480000
47210000
P
6040000
2760000
2750000
2840000
5480000
47210000
P
6040000
2760000
2750000
2840000
5480000
47210000
