50
0
I
23180000
26060000
14830000
15380000
5480000
47210000
I
23180000
26060000
14830000
15380000
5480000
47210000
P
10070000
6920000
3150000
3830000
5480000
47210000
P
10070000
6920000
3150000
3830000
5480000
47210000
P
10070000
6920000
3150000
3830000
5480000
47210000
P
10070000
6920000
3150000
3830000
5480000
47210000
P
10070000
6920000
3150000
3830000
5480000
47210000
P
10070000
6920000
3150000
3830000
5480000
47210000
P
10070000
6920000
3150000
3830000
5480000
47210000
P
10070000
6920000
3150000
3830000
5480000
47210000
P
10070000
6920000
3150000
3830000
5480000
47210000
P
10070000
6920000
3150000
3830000
5480000
47210000
P
10070000
6920000
3150000
3830000
5480000
47210000
P
10070000
6920000
3150000
3830000
5480000
47210000
P
10070000
6920000
3150000
3830000
5480000
47210000
P
10070000
6920000
3150000
3830000
5480000
47210000
P
10070000
6920000
3150000
3830000
5480000
47210000
P
10070000
6920000
3150000
3830000
5480000
47210000
P
10070000
6920000
3150000
3830000
5480000
47210000
P
10070000
6920000
3150000
3830000
5480000
47210000
P
10070000
6920000
3150000
3830000
5480000
47210000
P
10070000
6920000
3150000
3830000
5480000
47210000
P
10070000
6920000
3150000
3830000
5480000
47210000
P
10070000
6920000
3150000
3830000
5480000
47210000
P
10070000
6920000
3150000
3830000
5480000
47210000
I
23180000
26060000
14830000
15380000
5480000
47210000
I
23180000
26060000
14830000
15380000
5480000
47210000
P
10070000
6920000
3150000
3830000
5480000
47210000
P
10070000
6920000
3150000
3830000
5480000
47210000
P
10070000
6920000
3150000
3830000
5480000
47210000
P
10070000
6920000
3150000
3830000
5480000
47210000
P
10070000
6920000
3150000
3830000
5480000
47210000
P
10070000
6920000
3150000
3830000
5480000
47210000
P
10070000
6920000
3150000
3830000
5480000
47210000
P
10070000
6920000
3150000
3830000
5480000
47210000
P
10070000
6920000
3150000
3830000
5480000
47210000
P
10070000
6920000
3150000
3830000
5480000
47210000
P
10070000
6920000
3150000
3830000
5480000
47210000
P
10070000
6920000
3150000
3830000
5480000
47210000
P
10070000
6920000
3150000
3830000
5480000
47210000
P
10070000
6920000
3150000
3830000
5480000
47210000
P
10070000
6920000
3150000
3830000
5480000
47210000
P
10070000
6920000
3150000
3830000
5480000
47210000
P
10070000
6920000
3150000
3830000
5480000
47210000
P
10070000
6920000
3150000
3830000
5480000
47210000
P
10070000
6920000
3150000
3830000
5480000
47210000
P
10070000
6920000
3150000
3830000
5480000
47210000
P
10070000
6920000
3150000
3830000
5480000
47210000
P
10070000
6920000
3150000
3830000
5480000
47210000
P
10070000
6920000
3150000
3830000
5480000
47210000
