48
10000000
I
20000000
25000000
15000000
15000000
20000000
50000000
P
10000000
10000000
5000000
5000000
20000000
50000000
P
10000000
10000000
5000000
5000000
20000000
50000000
P
10000000
10000000
5000000
5000000
20000000
50000000
P
10000000
10000000
5000000
5000000
20000000
50000000
P
10000000
10000000
5000000
5000000
20000000
50000000
P
10000000
10000000
5000000
5000000
20000000
50000000
P
10000000
10000000
5000000
5000000
20000000
50000000
P
10000000
10000000
5000000
5000000
20000000
50000000
P
10000000
10000000
5000000
5000000
20000000
50000000
P
10000000
10000000
5000000
5000000
20000000
50000000
P
10000000
10000000
5000000
5000000
20000000
50000000
P
10000000
10000000
5000000
5000000
20000000
50000000
P
10000000
10000000
5000000
5000000
20000000
50000000
P
10000000
10000000
5000000
5000000
20000000
50000000
P
10000000
10000000
5000000
5000000
20000000
50000000
P
10000000
10000000
5000000
5000000
20000000
50000000
P
10000000
10000000
5000000
5000000
20000000
50000000
P
10000000
10000000
5000000
5000000
20000000
50000000
P
10000000
10000000
5000000
5000000
20000000
50000000
P
10000000
10000000
5000000
5000000
20000000
50000000
P
10000000
10000000
5000000
5000000
20000000
50000000
P
10000000
10000000
5000000
5000000
20000000
50000000
P
10000000
10000000
5000000
5000000
20000000
50000000
I
20000000
25000000
15000000
15000000
20000000
50000000
P
10000000
10000000
5000000
5000000
20000000
50000000
P
10000000
10000000
5000000
5000000
20000000
50000000
P
10000000
10000000
5000000
5000000
20000000
50000000
P
10000000
10000000
5000000
5000000
20000000
50000000
P
10000000
10000000
5000000
5000000
20000000
50000000
P
10000000
10000000
5000000
5000000
20000000
50000000
P
10000000
10000000
5000000
5000000
20000000
50000000
P
10000000
10000000
5000000
5000000
20000000
50000000
P
10000000
10000000
5000000
5000000
20000000
50000000
P
10000000
10000000
5000000
5000000
20000000
50000000
P
10000000
10000000
5000000
5000000
20000000
50000000
P
10000000
10000000
5000000
5000000
20000000
50000000
P
10000000
10000000
5000000
5000000
20000000
50000000
P
10000000
10000000
5000000
5000000
20000000
50000000
P
10000000
10000000
5000000
5000000
20000000
50000000
P
10000000
10000000
5000000
5000000
20000000
50000000
P
10000000
10000000
5000000
5000000
20000000
50000000
P
10000000
10000000
5000000
5000000
20000000
50000000
P
10000000
10000000
5000000
5000000
20000000
50000000
P
10000000
10000000
5000000
5000000
20000000
50000000
P
10000000
10000000
5000000
5000000
20000000
50000000
P
10000000
10000000
5000000
5000000
20000000
50000000
P
10000000
10000000
5000000
5000000
20000000
50000000
